(kicad_pcb (version 20171130) (host pcbnew "(5.1.2-1)-1")

  (general
    (thickness 1.6)
    (drawings 29)
    (tracks 298)
    (zones 0)
    (modules 27)
    (nets 41)
  )

  (page A4)
  (layers
    (0 F.Cu signal)
    (31 B.Cu signal)
    (32 B.Adhes user)
    (33 F.Adhes user)
    (34 B.Paste user)
    (35 F.Paste user)
    (36 B.SilkS user)
    (37 F.SilkS user)
    (38 B.Mask user)
    (39 F.Mask user)
    (40 Dwgs.User user hide)
    (41 Cmts.User user)
    (42 Eco1.User user)
    (43 Eco2.User user)
    (44 Edge.Cuts user)
    (45 Margin user)
    (46 B.CrtYd user hide)
    (47 F.CrtYd user hide)
    (48 B.Fab user hide)
    (49 F.Fab user hide)
  )

  (setup
    (last_trace_width 0.25)
    (user_trace_width 0.25)
    (user_trace_width 0.5)
    (user_trace_width 1)
    (user_trace_width 1.07)
    (trace_clearance 0.2)
    (zone_clearance 0.2)
    (zone_45_only no)
    (trace_min 0.2)
    (via_size 0.8)
    (via_drill 0.4)
    (via_min_size 0.4)
    (via_min_drill 0.3)
    (uvia_size 0.3)
    (uvia_drill 0.1)
    (uvias_allowed no)
    (uvia_min_size 0.2)
    (uvia_min_drill 0.1)
    (edge_width 0.15)
    (segment_width 0.2)
    (pcb_text_width 0.3)
    (pcb_text_size 1.5 1.5)
    (mod_edge_width 0.15)
    (mod_text_size 0.5 0.5)
    (mod_text_width 0.1)
    (pad_size 1.25 1.75)
    (pad_drill 0)
    (pad_to_mask_clearance 0.051)
    (solder_mask_min_width 0.25)
    (aux_axis_origin 0 0)
    (visible_elements FFFFFF7F)
    (pcbplotparams
      (layerselection 0x010fc_ffffffff)
      (usegerberextensions true)
      (usegerberattributes false)
      (usegerberadvancedattributes false)
      (creategerberjobfile false)
      (excludeedgelayer true)
      (linewidth 0.100000)
      (plotframeref false)
      (viasonmask false)
      (mode 1)
      (useauxorigin false)
      (hpglpennumber 1)
      (hpglpenspeed 20)
      (hpglpendiameter 15.000000)
      (psnegative false)
      (psa4output false)
      (plotreference true)
      (plotvalue true)
      (plotinvisibletext false)
      (padsonsilk false)
      (subtractmaskfromsilk false)
      (outputformat 1)
      (mirror false)
      (drillshape 0)
      (scaleselection 1)
      (outputdirectory "Production/"))
  )

  (net 0 "")
  (net 1 +3V3)
  (net 2 GND)
  (net 3 /ANT_SIG)
  (net 4 /RFM_DIO1)
  (net 5 /RFM_DIO2)
  (net 6 /RFM_RESET)
  (net 7 /RFM_SS)
  (net 8 /RFM_MOSI)
  (net 9 /RFM_MISO)
  (net 10 /RFM_SCK)
  (net 11 /RFM_DIO0)
  (net 12 /ATMEGA_RESET)
  (net 13 /ATMEGA_TX)
  (net 14 /ATMEGA_RX)
  (net 15 /SCL)
  (net 16 /SDA)
  (net 17 /IO1)
  (net 18 /IO2)
  (net 19 /IO3)
  (net 20 /IO4)
  (net 21 "Net-(R1-Pad1)")
  (net 22 /PWR_ENABLE)
  (net 23 "Net-(C10-Pad2)")
  (net 24 /Vin)
  (net 25 "Net-(D1-Pad2)")
  (net 26 /IO0)
  (net 27 /ATMEGA_STATUS)
  (net 28 /SLEEP)
  (net 29 "Net-(R7-Pad2)")
  (net 30 /IO5)
  (net 31 "Net-(U1-Pad19)")
  (net 32 "Net-(U1-Pad20)")
  (net 33 "Net-(U1-Pad22)")
  (net 34 "Net-(U1-Pad23)")
  (net 35 /RFM_DIO5)
  (net 36 /RFM_DIO3)
  (net 37 /RFM_DIO4)
  (net 38 "Net-(U3-Pad4)")
  (net 39 "Net-(U4-Pad3)")
  (net 40 "Net-(R7-Pad1)")

  (net_class Default "Dit is de standaard class."
    (clearance 0.2)
    (trace_width 0.25)
    (via_dia 0.8)
    (via_drill 0.4)
    (uvia_dia 0.3)
    (uvia_drill 0.1)
    (add_net +3V3)
    (add_net /ATMEGA_RESET)
    (add_net /ATMEGA_RX)
    (add_net /ATMEGA_STATUS)
    (add_net /ATMEGA_TX)
    (add_net /IO0)
    (add_net /IO1)
    (add_net /IO2)
    (add_net /IO3)
    (add_net /IO4)
    (add_net /IO5)
    (add_net /PWR_ENABLE)
    (add_net /RFM_DIO0)
    (add_net /RFM_DIO1)
    (add_net /RFM_DIO2)
    (add_net /RFM_DIO3)
    (add_net /RFM_DIO4)
    (add_net /RFM_DIO5)
    (add_net /RFM_MISO)
    (add_net /RFM_MOSI)
    (add_net /RFM_RESET)
    (add_net /RFM_SCK)
    (add_net /RFM_SS)
    (add_net /SCL)
    (add_net /SDA)
    (add_net /SLEEP)
    (add_net /Vin)
    (add_net GND)
    (add_net "Net-(C10-Pad2)")
    (add_net "Net-(D1-Pad2)")
    (add_net "Net-(R1-Pad1)")
    (add_net "Net-(R7-Pad1)")
    (add_net "Net-(R7-Pad2)")
    (add_net "Net-(U1-Pad19)")
    (add_net "Net-(U1-Pad20)")
    (add_net "Net-(U1-Pad22)")
    (add_net "Net-(U1-Pad23)")
    (add_net "Net-(U3-Pad4)")
    (add_net "Net-(U4-Pad3)")
  )

  (net_class Antenna ""
    (clearance 0.2)
    (trace_width 0.5)
    (via_dia 0.8)
    (via_drill 0.4)
    (uvia_dia 0.3)
    (uvia_drill 0.1)
    (add_net /ANT_SIG)
  )

  (net_class Antenna2 ""
    (clearance 0.2)
    (trace_width 1.2)
    (via_dia 0.8)
    (via_drill 0.4)
    (uvia_dia 0.3)
    (uvia_drill 0.1)
  )

  (net_class PowerSupply ""
    (clearance 0.2)
    (trace_width 0.5)
    (via_dia 0.8)
    (via_drill 0.4)
    (uvia_dia 0.3)
    (uvia_drill 0.1)
  )

  (module Resistor_SMD:R_1206_3216Metric (layer F.Cu) (tedit 5B301BBD) (tstamp 5D2C3186)
    (at 136.8806 120.96242 270)
    (descr "Resistor SMD 1206 (3216 Metric), square (rectangular) end terminal, IPC_7351 nominal, (Body size source: http://www.tortai-tech.com/upload/download/2011102023233369053.pdf), generated with kicad-footprint-generator")
    (tags resistor)
    (path /5D26721A)
    (attr smd)
    (fp_text reference R7 (at -2.5273 -0.01016 180) (layer F.SilkS)
      (effects (font (size 0.5 0.5) (thickness 0.1)))
    )
    (fp_text value 0 (at 0 1.82 90) (layer F.Fab)
      (effects (font (size 1 1) (thickness 0.15)))
    )
    (fp_line (start -1.6 0.8) (end -1.6 -0.8) (layer F.Fab) (width 0.1))
    (fp_line (start -1.6 -0.8) (end 1.6 -0.8) (layer F.Fab) (width 0.1))
    (fp_line (start 1.6 -0.8) (end 1.6 0.8) (layer F.Fab) (width 0.1))
    (fp_line (start 1.6 0.8) (end -1.6 0.8) (layer F.Fab) (width 0.1))
    (fp_line (start -0.602064 -0.91) (end 0.602064 -0.91) (layer F.SilkS) (width 0.12))
    (fp_line (start -0.602064 0.91) (end 0.602064 0.91) (layer F.SilkS) (width 0.12))
    (fp_line (start -2.28 1.12) (end -2.28 -1.12) (layer F.CrtYd) (width 0.05))
    (fp_line (start -2.28 -1.12) (end 2.28 -1.12) (layer F.CrtYd) (width 0.05))
    (fp_line (start 2.28 -1.12) (end 2.28 1.12) (layer F.CrtYd) (width 0.05))
    (fp_line (start 2.28 1.12) (end -2.28 1.12) (layer F.CrtYd) (width 0.05))
    (fp_text user %R (at 0 0 90) (layer F.Fab)
      (effects (font (size 0.8 0.8) (thickness 0.12)))
    )
    (pad 1 smd roundrect (at -1.4 0 270) (size 1.25 1.75) (layers F.Cu F.Paste F.Mask) (roundrect_rratio 0.2)
      (net 40 "Net-(R7-Pad1)"))
    (pad 2 smd roundrect (at 1.4 0 270) (size 1.25 1.75) (layers F.Cu F.Paste F.Mask) (roundrect_rratio 0.2)
      (net 29 "Net-(R7-Pad2)"))
    (model ${KISYS3DMOD}/Resistor_SMD.3dshapes/R_1206_3216Metric.wrl
      (at (xyz 0 0 0))
      (scale (xyz 1 1 1))
      (rotate (xyz 0 0 0))
    )
  )

  (module Package_TO_SOT_SMD:SOT-23-6 (layer F.Cu) (tedit 5A02FF57) (tstamp 5D2336F4)
    (at 144.57 118.94)
    (descr "6-pin SOT-23 package")
    (tags SOT-23-6)
    (path /5D242C4A)
    (attr smd)
    (fp_text reference U4 (at 0.54 -2.13) (layer F.SilkS)
      (effects (font (size 0.5 0.5) (thickness 0.1)))
    )
    (fp_text value TMP101 (at 0 2.9) (layer F.Fab)
      (effects (font (size 1 1) (thickness 0.15)))
    )
    (fp_text user %R (at 0 0 90) (layer F.Fab)
      (effects (font (size 0.5 0.5) (thickness 0.075)))
    )
    (fp_line (start -0.9 1.61) (end 0.9 1.61) (layer F.SilkS) (width 0.12))
    (fp_line (start 0.9 -1.61) (end -1.55 -1.61) (layer F.SilkS) (width 0.12))
    (fp_line (start 1.9 -1.8) (end -1.9 -1.8) (layer F.CrtYd) (width 0.05))
    (fp_line (start 1.9 1.8) (end 1.9 -1.8) (layer F.CrtYd) (width 0.05))
    (fp_line (start -1.9 1.8) (end 1.9 1.8) (layer F.CrtYd) (width 0.05))
    (fp_line (start -1.9 -1.8) (end -1.9 1.8) (layer F.CrtYd) (width 0.05))
    (fp_line (start -0.9 -0.9) (end -0.25 -1.55) (layer F.Fab) (width 0.1))
    (fp_line (start 0.9 -1.55) (end -0.25 -1.55) (layer F.Fab) (width 0.1))
    (fp_line (start -0.9 -0.9) (end -0.9 1.55) (layer F.Fab) (width 0.1))
    (fp_line (start 0.9 1.55) (end -0.9 1.55) (layer F.Fab) (width 0.1))
    (fp_line (start 0.9 -1.55) (end 0.9 1.55) (layer F.Fab) (width 0.1))
    (pad 1 smd rect (at -1.1 -0.95) (size 1.06 0.65) (layers F.Cu F.Paste F.Mask)
      (net 15 /SCL))
    (pad 2 smd rect (at -1.1 0) (size 1.06 0.65) (layers F.Cu F.Paste F.Mask)
      (net 2 GND))
    (pad 3 smd rect (at -1.1 0.95) (size 1.06 0.65) (layers F.Cu F.Paste F.Mask)
      (net 39 "Net-(U4-Pad3)"))
    (pad 4 smd rect (at 1.1 0.95) (size 1.06 0.65) (layers F.Cu F.Paste F.Mask)
      (net 1 +3V3))
    (pad 6 smd rect (at 1.1 -0.95) (size 1.06 0.65) (layers F.Cu F.Paste F.Mask)
      (net 16 /SDA))
    (pad 5 smd rect (at 1.1 0) (size 1.06 0.65) (layers F.Cu F.Paste F.Mask)
      (net 2 GND))
    (model ${KISYS3DMOD}/Package_TO_SOT_SMD.3dshapes/SOT-23-6.wrl
      (at (xyz 0 0 0))
      (scale (xyz 1 1 1))
      (rotate (xyz 0 0 0))
    )
  )

  (module Connector_PinHeader_2.54mm:PinHeader_1x08_P2.54mm_Vertical (layer B.Cu) (tedit 59FED5CC) (tstamp 5D233CE3)
    (at 128.62 133.82 270)
    (descr "Through hole straight pin header, 1x08, 2.54mm pitch, single row")
    (tags "Through hole pin header THT 1x08 2.54mm single row")
    (path /5D28F394)
    (fp_text reference J4 (at 0.03 2.06) (layer B.SilkS)
      (effects (font (size 0.5 0.5) (thickness 0.1)) (justify mirror))
    )
    (fp_text value Conn_01x08_Male (at 0 -20.11 270) (layer B.Fab)
      (effects (font (size 1 1) (thickness 0.15)) (justify mirror))
    )
    (fp_line (start -0.635 1.27) (end 1.27 1.27) (layer B.Fab) (width 0.1))
    (fp_line (start 1.27 1.27) (end 1.27 -19.05) (layer B.Fab) (width 0.1))
    (fp_line (start 1.27 -19.05) (end -1.27 -19.05) (layer B.Fab) (width 0.1))
    (fp_line (start -1.27 -19.05) (end -1.27 0.635) (layer B.Fab) (width 0.1))
    (fp_line (start -1.27 0.635) (end -0.635 1.27) (layer B.Fab) (width 0.1))
    (fp_line (start -1.33 -19.11) (end 1.33 -19.11) (layer B.SilkS) (width 0.12))
    (fp_line (start -1.33 -1.27) (end -1.33 -19.11) (layer B.SilkS) (width 0.12))
    (fp_line (start 1.33 -1.27) (end 1.33 -19.11) (layer B.SilkS) (width 0.12))
    (fp_line (start -1.33 -1.27) (end 1.33 -1.27) (layer B.SilkS) (width 0.12))
    (fp_line (start -1.33 0) (end -1.33 1.33) (layer B.SilkS) (width 0.12))
    (fp_line (start -1.33 1.33) (end 0 1.33) (layer B.SilkS) (width 0.12))
    (fp_line (start -1.8 1.8) (end -1.8 -19.55) (layer B.CrtYd) (width 0.05))
    (fp_line (start -1.8 -19.55) (end 1.8 -19.55) (layer B.CrtYd) (width 0.05))
    (fp_line (start 1.8 -19.55) (end 1.8 1.8) (layer B.CrtYd) (width 0.05))
    (fp_line (start 1.8 1.8) (end -1.8 1.8) (layer B.CrtYd) (width 0.05))
    (fp_text user %R (at 0 -8.89) (layer B.Fab)
      (effects (font (size 1 1) (thickness 0.15)) (justify mirror))
    )
    (pad 1 thru_hole rect (at 0 0 270) (size 1.7 1.7) (drill 1) (layers *.Cu *.Mask)
      (net 1 +3V3))
    (pad 2 thru_hole oval (at 0 -2.54 270) (size 1.7 1.7) (drill 1) (layers *.Cu *.Mask)
      (net 2 GND))
    (pad 3 thru_hole oval (at 0 -5.08 270) (size 1.7 1.7) (drill 1) (layers *.Cu *.Mask)
      (net 30 /IO5))
    (pad 4 thru_hole oval (at 0 -7.62 270) (size 1.7 1.7) (drill 1) (layers *.Cu *.Mask)
      (net 26 /IO0))
    (pad 5 thru_hole oval (at 0 -10.16 270) (size 1.7 1.7) (drill 1) (layers *.Cu *.Mask)
      (net 17 /IO1))
    (pad 6 thru_hole oval (at 0 -12.7 270) (size 1.7 1.7) (drill 1) (layers *.Cu *.Mask)
      (net 18 /IO2))
    (pad 7 thru_hole oval (at 0 -15.24 270) (size 1.7 1.7) (drill 1) (layers *.Cu *.Mask)
      (net 19 /IO3))
    (pad 8 thru_hole oval (at 0 -17.78 270) (size 1.7 1.7) (drill 1) (layers *.Cu *.Mask)
      (net 20 /IO4))
    (model ${KISYS3DMOD}/Connector_PinHeader_2.54mm.3dshapes/PinHeader_1x08_P2.54mm_Vertical.wrl
      (at (xyz 0 0 0))
      (scale (xyz 1 1 1))
      (rotate (xyz 0 0 0))
    )
  )

  (module RF_Module:HOPERF_RFM9XW_SMD (layer F.Cu) (tedit 5C227243) (tstamp 5CF5DF9D)
    (at 159.23 124.68 90)
    (descr "Low Power Long Range Transceiver Module SMD-16 (https://www.hoperf.com/data/upload/portal/20181127/5bfcbea20e9ef.pdf)")
    (tags "LoRa Low Power Long Range Transceiver Module")
    (path /5CF60C49)
    (attr smd)
    (fp_text reference U2 (at -9.85 0) (layer F.SilkS)
      (effects (font (size 0.5 0.5) (thickness 0.1)))
    )
    (fp_text value RFM69HCW (at 0 9.5 90) (layer F.Fab)
      (effects (font (size 1 1) (thickness 0.15)))
    )
    (fp_line (start -7 -8) (end 8 -8) (layer F.Fab) (width 0.1))
    (fp_line (start 8 8) (end 8 -8) (layer F.Fab) (width 0.1))
    (fp_line (start -8 8) (end 8 8) (layer F.Fab) (width 0.1))
    (fp_line (start -8 8) (end -8 -7) (layer F.Fab) (width 0.1))
    (fp_text user %R (at 0 0 90) (layer F.Fab)
      (effects (font (size 1 1) (thickness 0.15)))
    )
    (fp_line (start -9.25 -8.25) (end 9.25 -8.25) (layer F.CrtYd) (width 0.05))
    (fp_line (start 9.25 -8.25) (end 9.25 8.25) (layer F.CrtYd) (width 0.05))
    (fp_line (start -9.25 8.25) (end 9.25 8.25) (layer F.CrtYd) (width 0.05))
    (fp_line (start -9.25 8.25) (end -9.25 -8.25) (layer F.CrtYd) (width 0.05))
    (fp_line (start -8.1 -8.1) (end 8.1 -8.1) (layer F.SilkS) (width 0.12))
    (fp_line (start 8.1 -8.1) (end 8.1 -7.7) (layer F.SilkS) (width 0.12))
    (fp_line (start -8.1 7.7) (end -8.1 8.1) (layer F.SilkS) (width 0.12))
    (fp_line (start -8.1 8.1) (end 8.1 8.1) (layer F.SilkS) (width 0.12))
    (fp_line (start 8.1 8.1) (end 8.1 7.7) (layer F.SilkS) (width 0.12))
    (fp_line (start -8.1 -8.1) (end -8.1 -7.75) (layer F.SilkS) (width 0.12))
    (fp_line (start -8.1 -7.75) (end -9 -7.75) (layer F.SilkS) (width 0.12))
    (fp_line (start -7 -8) (end -8 -7) (layer F.Fab) (width 0.1))
    (pad 1 smd rect (at -8 -7 90) (size 2 1) (layers F.Cu F.Paste F.Mask)
      (net 2 GND))
    (pad 2 smd rect (at -8 -5 90) (size 2 1) (layers F.Cu F.Paste F.Mask)
      (net 9 /RFM_MISO))
    (pad 3 smd rect (at -8 -3 90) (size 2 1) (layers F.Cu F.Paste F.Mask)
      (net 8 /RFM_MOSI))
    (pad 4 smd rect (at -8 -1 90) (size 2 1) (layers F.Cu F.Paste F.Mask)
      (net 10 /RFM_SCK))
    (pad 5 smd rect (at -8 1 90) (size 2 1) (layers F.Cu F.Paste F.Mask)
      (net 7 /RFM_SS))
    (pad 6 smd rect (at -8 3 90) (size 2 1) (layers F.Cu F.Paste F.Mask)
      (net 6 /RFM_RESET))
    (pad 7 smd rect (at -8 5 90) (size 2 1) (layers F.Cu F.Paste F.Mask)
      (net 35 /RFM_DIO5))
    (pad 8 smd rect (at -8 7 90) (size 2 1) (layers F.Cu F.Paste F.Mask)
      (net 2 GND))
    (pad 9 smd rect (at 8 7 90) (size 2 1) (layers F.Cu F.Paste F.Mask)
      (net 3 /ANT_SIG))
    (pad 10 smd rect (at 8 5 90) (size 2 1) (layers F.Cu F.Paste F.Mask)
      (net 2 GND))
    (pad 11 smd rect (at 8 3 90) (size 2 1) (layers F.Cu F.Paste F.Mask)
      (net 36 /RFM_DIO3))
    (pad 12 smd rect (at 8 1 90) (size 2 1) (layers F.Cu F.Paste F.Mask)
      (net 37 /RFM_DIO4))
    (pad 13 smd rect (at 8 -1 90) (size 2 1) (layers F.Cu F.Paste F.Mask)
      (net 1 +3V3))
    (pad 14 smd rect (at 8 -3 90) (size 2 1) (layers F.Cu F.Paste F.Mask)
      (net 11 /RFM_DIO0))
    (pad 15 smd rect (at 8 -5 90) (size 2 1) (layers F.Cu F.Paste F.Mask)
      (net 4 /RFM_DIO1))
    (pad 16 smd rect (at 8 -7 90) (size 2 1) (layers F.Cu F.Paste F.Mask)
      (net 5 /RFM_DIO2))
    (model ${KISYS3DMOD}/RF_Module.3dshapes/HOPERF_RFM9XW_SMD.wrl
      (at (xyz 0 0 0))
      (scale (xyz 1 1 1))
      (rotate (xyz 0 0 0))
    )
    (model ${KIPRJMOD}/RFM9xW.wrl
      (at (xyz 0 0 0))
      (scale (xyz 1 1 1))
      (rotate (xyz 0 0 180))
    )
  )

  (module Connector_Coaxial:U.FL_Hirose_U.FL-R-SMT-1_Vertical (layer F.Cu) (tedit 5C3CE6AD) (tstamp 5C4AE95C)
    (at 166.23 113.32 90)
    (descr "Hirose U.FL Coaxial https://www.hirose.com/product/en/products/U.FL/U.FL-R-SMT-1%2810%29/")
    (tags "Hirose U.FL Coaxial")
    (path /5C10CF28)
    (attr smd)
    (fp_text reference J1 (at 2.81 -0.01) (layer F.SilkS)
      (effects (font (size 0.5 0.5) (thickness 0.125)))
    )
    (fp_text value Conn_Coaxial (at 0.475 3.2 90) (layer F.Fab)
      (effects (font (size 1 1) (thickness 0.15)))
    )
    (fp_line (start -1.32 -1) (end -2.02 -1) (layer F.CrtYd) (width 0.05))
    (fp_line (start -1.32 1.8) (end -1.32 1) (layer F.CrtYd) (width 0.05))
    (fp_line (start -1.32 -1.8) (end -1.12 -1.8) (layer F.CrtYd) (width 0.05))
    (fp_line (start -1.12 -1.8) (end -1.12 -2.5) (layer F.CrtYd) (width 0.05))
    (fp_line (start 2.08 -2.5) (end -1.12 -2.5) (layer F.CrtYd) (width 0.05))
    (fp_line (start -1.32 -1) (end -1.32 -1.8) (layer F.CrtYd) (width 0.05))
    (fp_line (start 2.08 -1.8) (end 2.08 -2.5) (layer F.CrtYd) (width 0.05))
    (fp_line (start 2.08 -1.8) (end 2.28 -1.8) (layer F.CrtYd) (width 0.05))
    (fp_line (start -0.885 -1.4) (end -0.885 -0.76) (layer F.SilkS) (width 0.12))
    (fp_line (start -0.425 1.5) (end -0.425 1.3) (layer F.Fab) (width 0.1))
    (fp_line (start -0.425 1.3) (end -0.825 1.3) (layer F.Fab) (width 0.1))
    (fp_line (start -0.825 0.3) (end -0.825 1.3) (layer F.Fab) (width 0.1))
    (fp_line (start -1.075 0.3) (end -0.825 0.3) (layer F.Fab) (width 0.1))
    (fp_line (start -1.075 0.3) (end -1.075 -0.15) (layer F.Fab) (width 0.1))
    (fp_line (start -0.925 -0.3) (end -0.825 -0.3) (layer F.Fab) (width 0.1))
    (fp_line (start -0.825 -0.3) (end -0.825 -1.3) (layer F.Fab) (width 0.1))
    (fp_line (start -0.425 -1.5) (end -0.425 -1.3) (layer F.Fab) (width 0.1))
    (fp_line (start -0.425 -1.3) (end -0.825 -1.3) (layer F.Fab) (width 0.1))
    (fp_line (start -0.425 1.5) (end 1.375 1.5) (layer F.Fab) (width 0.1))
    (fp_line (start 1.375 1.5) (end 1.375 1.3) (layer F.Fab) (width 0.1))
    (fp_line (start 1.775 1.3) (end 1.375 1.3) (layer F.Fab) (width 0.1))
    (fp_line (start 1.775 -1.3) (end 1.775 1.3) (layer F.Fab) (width 0.1))
    (fp_line (start -0.425 -1.5) (end 1.375 -1.5) (layer F.Fab) (width 0.1))
    (fp_line (start 1.375 -1.5) (end 1.375 -1.3) (layer F.Fab) (width 0.1))
    (fp_line (start 1.775 -1.3) (end 1.375 -1.3) (layer F.Fab) (width 0.1))
    (fp_line (start -0.925 -0.3) (end -1.075 -0.15) (layer F.Fab) (width 0.1))
    (fp_line (start -0.885 1.4) (end -0.885 0.76) (layer F.SilkS) (width 0.12))
    (fp_line (start -0.885 -0.76) (end -1.515 -0.76) (layer F.SilkS) (width 0.12))
    (fp_line (start 1.835 -1.35) (end 1.835 1.35) (layer F.SilkS) (width 0.12))
    (fp_line (start 2.08 2.5) (end -1.12 2.5) (layer F.CrtYd) (width 0.05))
    (fp_line (start -1.12 2.5) (end -1.12 1.8) (layer F.CrtYd) (width 0.05))
    (fp_line (start -1.32 1.8) (end -1.12 1.8) (layer F.CrtYd) (width 0.05))
    (fp_line (start 2.28 1.8) (end 2.28 -1.8) (layer F.CrtYd) (width 0.05))
    (fp_line (start 2.08 2.5) (end 2.08 1.8) (layer F.CrtYd) (width 0.05))
    (fp_line (start 2.08 1.8) (end 2.28 1.8) (layer F.CrtYd) (width 0.05))
    (fp_line (start -1.32 1) (end -2.02 1) (layer F.CrtYd) (width 0.05))
    (fp_line (start -2.02 1) (end -2.02 -1) (layer F.CrtYd) (width 0.05))
    (fp_text user %R (at 0.475 0 180) (layer F.Fab)
      (effects (font (size 0.6 0.6) (thickness 0.09)))
    )
    (pad 2 smd rect (at 0.475 -1.475 90) (size 2.2 1.05) (layers F.Cu F.Paste F.Mask)
      (net 2 GND))
    (pad 1 smd rect (at -1.05 0 90) (size 1.05 1) (layers F.Cu F.Paste F.Mask)
      (net 3 /ANT_SIG))
    (pad 2 smd rect (at 0.475 1.475 90) (size 2.2 1.05) (layers F.Cu F.Paste F.Mask)
      (net 2 GND))
    (model ${KISYS3DMOD}/Connector_Coaxial.3dshapes/U.FL_Hirose_U.FL-R-SMT-1_Vertical.wrl
      (offset (xyz 0.4749999928262157 0 0))
      (scale (xyz 1 1 1))
      (rotate (xyz 0 0 0))
    )
  )

  (module Resistor_SMD:R_0805_2012Metric (layer F.Cu) (tedit 5C54C410) (tstamp 5C8A7ED7)
    (at 133.24 117.62)
    (descr "Resistor SMD 0805 (2012 Metric), square (rectangular) end terminal, IPC_7351 nominal, (Body size source: https://docs.google.com/spreadsheets/d/1BsfQQcO9C6DZCsRaXUlFlo91Tg2WpOkGARC1WS5S8t0/edit?usp=sharing), generated with kicad-footprint-generator")
    (tags resistor)
    (path /5C569291)
    (attr smd)
    (fp_text reference R1 (at -2.2225 0 90) (layer F.SilkS)
      (effects (font (size 0.5 0.5) (thickness 0.1)))
    )
    (fp_text value opt (at 0 1.65 180) (layer F.Fab)
      (effects (font (size 1 1) (thickness 0.15)))
    )
    (fp_line (start -1 0.6) (end -1 -0.6) (layer F.Fab) (width 0.1))
    (fp_line (start -1 -0.6) (end 1 -0.6) (layer F.Fab) (width 0.1))
    (fp_line (start 1 -0.6) (end 1 0.6) (layer F.Fab) (width 0.1))
    (fp_line (start 1 0.6) (end -1 0.6) (layer F.Fab) (width 0.1))
    (fp_line (start -0.258578 -0.71) (end 0.258578 -0.71) (layer F.SilkS) (width 0.12))
    (fp_line (start -0.258578 0.71) (end 0.258578 0.71) (layer F.SilkS) (width 0.12))
    (fp_line (start -1.68 0.95) (end -1.68 -0.95) (layer F.CrtYd) (width 0.05))
    (fp_line (start -1.68 -0.95) (end 1.68 -0.95) (layer F.CrtYd) (width 0.05))
    (fp_line (start 1.68 -0.95) (end 1.68 0.95) (layer F.CrtYd) (width 0.05))
    (fp_line (start 1.68 0.95) (end -1.68 0.95) (layer F.CrtYd) (width 0.05))
    (fp_text user %R (at 0 0 180) (layer F.Fab)
      (effects (font (size 0.5 0.5) (thickness 0.08)))
    )
    (pad 1 smd roundrect (at -0.9375 0) (size 0.975 1.4) (layers F.Cu F.Paste F.Mask) (roundrect_rratio 0.25)
      (net 21 "Net-(R1-Pad1)"))
    (pad 2 smd roundrect (at 0.9375 0) (size 0.975 1.4) (layers F.Cu F.Paste F.Mask) (roundrect_rratio 0.25)
      (net 2 GND))
    (model ${KISYS3DMOD}/Resistor_SMD.3dshapes/R_0805_2012Metric.wrl
      (at (xyz 0 0 0))
      (scale (xyz 1 1 1))
      (rotate (xyz 0 0 0))
    )
  )

  (module Resistor_SMD:R_0805_2012Metric (layer F.Cu) (tedit 5C54C409) (tstamp 5C8A7EA7)
    (at 133.24 115.68)
    (descr "Resistor SMD 0805 (2012 Metric), square (rectangular) end terminal, IPC_7351 nominal, (Body size source: https://docs.google.com/spreadsheets/d/1BsfQQcO9C6DZCsRaXUlFlo91Tg2WpOkGARC1WS5S8t0/edit?usp=sharing), generated with kicad-footprint-generator")
    (tags resistor)
    (path /5C55982C)
    (attr smd)
    (fp_text reference R5 (at -2.2175 0.02 90) (layer F.SilkS)
      (effects (font (size 0.5 0.5) (thickness 0.1)))
    )
    (fp_text value 68k4 (at 0 1.65 180) (layer F.Fab)
      (effects (font (size 1 1) (thickness 0.15)))
    )
    (fp_text user %R (at 0 0 180) (layer F.Fab)
      (effects (font (size 0.5 0.5) (thickness 0.08)))
    )
    (fp_line (start 1.68 0.95) (end -1.68 0.95) (layer F.CrtYd) (width 0.05))
    (fp_line (start 1.68 -0.95) (end 1.68 0.95) (layer F.CrtYd) (width 0.05))
    (fp_line (start -1.68 -0.95) (end 1.68 -0.95) (layer F.CrtYd) (width 0.05))
    (fp_line (start -1.68 0.95) (end -1.68 -0.95) (layer F.CrtYd) (width 0.05))
    (fp_line (start -0.258578 0.71) (end 0.258578 0.71) (layer F.SilkS) (width 0.12))
    (fp_line (start -0.258578 -0.71) (end 0.258578 -0.71) (layer F.SilkS) (width 0.12))
    (fp_line (start 1 0.6) (end -1 0.6) (layer F.Fab) (width 0.1))
    (fp_line (start 1 -0.6) (end 1 0.6) (layer F.Fab) (width 0.1))
    (fp_line (start -1 -0.6) (end 1 -0.6) (layer F.Fab) (width 0.1))
    (fp_line (start -1 0.6) (end -1 -0.6) (layer F.Fab) (width 0.1))
    (pad 2 smd roundrect (at 0.9375 0) (size 0.975 1.4) (layers F.Cu F.Paste F.Mask) (roundrect_rratio 0.25)
      (net 2 GND))
    (pad 1 smd roundrect (at -0.9375 0) (size 0.975 1.4) (layers F.Cu F.Paste F.Mask) (roundrect_rratio 0.25)
      (net 21 "Net-(R1-Pad1)"))
    (model ${KISYS3DMOD}/Resistor_SMD.3dshapes/R_0805_2012Metric.wrl
      (at (xyz 0 0 0))
      (scale (xyz 1 1 1))
      (rotate (xyz 0 0 0))
    )
  )

  (module Capacitor_SMD:C_0805_2012Metric (layer F.Cu) (tedit 5C7E68EC) (tstamp 5C61DFF4)
    (at 159.1975 114.09 180)
    (descr "Capacitor SMD 0805 (2012 Metric), square (rectangular) end terminal, IPC_7351 nominal, (Body size source: https://docs.google.com/spreadsheets/d/1BsfQQcO9C6DZCsRaXUlFlo91Tg2WpOkGARC1WS5S8t0/edit?usp=sharing), generated with kicad-footprint-generator")
    (tags capacitor)
    (path /5C3A6378)
    (attr smd)
    (fp_text reference C1 (at -0.0425 1.39 180) (layer F.SilkS)
      (effects (font (size 0.5 0.5) (thickness 0.125)))
    )
    (fp_text value 100nF (at 0 1.65 180) (layer F.Fab)
      (effects (font (size 1 1) (thickness 0.15)))
    )
    (fp_line (start -1 0.6) (end -1 -0.6) (layer F.Fab) (width 0.1))
    (fp_line (start -1 -0.6) (end 1 -0.6) (layer F.Fab) (width 0.1))
    (fp_line (start 1 -0.6) (end 1 0.6) (layer F.Fab) (width 0.1))
    (fp_line (start 1 0.6) (end -1 0.6) (layer F.Fab) (width 0.1))
    (fp_line (start -0.258578 -0.71) (end 0.258578 -0.71) (layer F.SilkS) (width 0.12))
    (fp_line (start -0.258578 0.71) (end 0.258578 0.71) (layer F.SilkS) (width 0.12))
    (fp_line (start -1.68 0.95) (end -1.68 -0.95) (layer F.CrtYd) (width 0.05))
    (fp_line (start -1.68 -0.95) (end 1.68 -0.95) (layer F.CrtYd) (width 0.05))
    (fp_line (start 1.68 -0.95) (end 1.68 0.95) (layer F.CrtYd) (width 0.05))
    (fp_line (start 1.68 0.95) (end -1.68 0.95) (layer F.CrtYd) (width 0.05))
    (fp_text user %R (at 0 0 180) (layer F.Fab)
      (effects (font (size 0.5 0.5) (thickness 0.08)))
    )
    (pad 1 smd roundrect (at -0.9375 0 180) (size 0.975 1.4) (layers F.Cu F.Paste F.Mask) (roundrect_rratio 0.25)
      (net 2 GND))
    (pad 2 smd roundrect (at 0.9375 0 180) (size 0.975 1.4) (layers F.Cu F.Paste F.Mask) (roundrect_rratio 0.25)
      (net 1 +3V3))
    (model ${KISYS3DMOD}/Capacitor_SMD.3dshapes/C_0805_2012Metric.wrl
      (at (xyz 0 0 0))
      (scale (xyz 1 1 1))
      (rotate (xyz 0 0 0))
    )
  )

  (module Capacitor_SMD:C_0805_2012Metric (layer F.Cu) (tedit 5C7E6989) (tstamp 5C61E014)
    (at 136.44 128.8875 90)
    (descr "Capacitor SMD 0805 (2012 Metric), square (rectangular) end terminal, IPC_7351 nominal, (Body size source: https://docs.google.com/spreadsheets/d/1BsfQQcO9C6DZCsRaXUlFlo91Tg2WpOkGARC1WS5S8t0/edit?usp=sharing), generated with kicad-footprint-generator")
    (tags capacitor)
    (path /5C42AB3C)
    (attr smd)
    (fp_text reference C7 (at -2.0875 -0.05 180) (layer F.SilkS)
      (effects (font (size 0.5 0.5) (thickness 0.1)))
    )
    (fp_text value 100nF (at 0 1.65 270) (layer F.Fab)
      (effects (font (size 1 1) (thickness 0.15)))
    )
    (fp_line (start -1 0.6) (end -1 -0.6) (layer F.Fab) (width 0.1))
    (fp_line (start -1 -0.6) (end 1 -0.6) (layer F.Fab) (width 0.1))
    (fp_line (start 1 -0.6) (end 1 0.6) (layer F.Fab) (width 0.1))
    (fp_line (start 1 0.6) (end -1 0.6) (layer F.Fab) (width 0.1))
    (fp_line (start -0.258578 -0.71) (end 0.258578 -0.71) (layer F.SilkS) (width 0.12))
    (fp_line (start -0.258578 0.71) (end 0.258578 0.71) (layer F.SilkS) (width 0.12))
    (fp_line (start -1.68 0.95) (end -1.68 -0.95) (layer F.CrtYd) (width 0.05))
    (fp_line (start -1.68 -0.95) (end 1.68 -0.95) (layer F.CrtYd) (width 0.05))
    (fp_line (start 1.68 -0.95) (end 1.68 0.95) (layer F.CrtYd) (width 0.05))
    (fp_line (start 1.68 0.95) (end -1.68 0.95) (layer F.CrtYd) (width 0.05))
    (fp_text user %R (at 0 0 270) (layer F.Fab)
      (effects (font (size 0.5 0.5) (thickness 0.08)))
    )
    (pad 1 smd roundrect (at -0.9375 0 90) (size 0.975 1.4) (layers F.Cu F.Paste F.Mask) (roundrect_rratio 0.25)
      (net 2 GND))
    (pad 2 smd roundrect (at 0.9375 0 90) (size 0.975 1.4) (layers F.Cu F.Paste F.Mask) (roundrect_rratio 0.25)
      (net 1 +3V3))
    (model ${KISYS3DMOD}/Capacitor_SMD.3dshapes/C_0805_2012Metric.wrl
      (at (xyz 0 0 0))
      (scale (xyz 1 1 1))
      (rotate (xyz 0 0 0))
    )
  )

  (module Capacitor_SMD:C_0805_2012Metric (layer F.Cu) (tedit 5C7E697A) (tstamp 5C61E024)
    (at 136.44 125.52 270)
    (descr "Capacitor SMD 0805 (2012 Metric), square (rectangular) end terminal, IPC_7351 nominal, (Body size source: https://docs.google.com/spreadsheets/d/1BsfQQcO9C6DZCsRaXUlFlo91Tg2WpOkGARC1WS5S8t0/edit?usp=sharing), generated with kicad-footprint-generator")
    (tags capacitor)
    (path /5C42ADAB)
    (attr smd)
    (fp_text reference C8 (at -1.93 0.05) (layer F.SilkS)
      (effects (font (size 0.5 0.5) (thickness 0.1)))
    )
    (fp_text value 100nF (at 0 1.65 90) (layer F.Fab)
      (effects (font (size 1 1) (thickness 0.15)))
    )
    (fp_text user %R (at 0 0 90) (layer F.Fab)
      (effects (font (size 0.5 0.5) (thickness 0.08)))
    )
    (fp_line (start 1.68 0.95) (end -1.68 0.95) (layer F.CrtYd) (width 0.05))
    (fp_line (start 1.68 -0.95) (end 1.68 0.95) (layer F.CrtYd) (width 0.05))
    (fp_line (start -1.68 -0.95) (end 1.68 -0.95) (layer F.CrtYd) (width 0.05))
    (fp_line (start -1.68 0.95) (end -1.68 -0.95) (layer F.CrtYd) (width 0.05))
    (fp_line (start -0.258578 0.71) (end 0.258578 0.71) (layer F.SilkS) (width 0.12))
    (fp_line (start -0.258578 -0.71) (end 0.258578 -0.71) (layer F.SilkS) (width 0.12))
    (fp_line (start 1 0.6) (end -1 0.6) (layer F.Fab) (width 0.1))
    (fp_line (start 1 -0.6) (end 1 0.6) (layer F.Fab) (width 0.1))
    (fp_line (start -1 -0.6) (end 1 -0.6) (layer F.Fab) (width 0.1))
    (fp_line (start -1 0.6) (end -1 -0.6) (layer F.Fab) (width 0.1))
    (pad 2 smd roundrect (at 0.9375 0 270) (size 0.975 1.4) (layers F.Cu F.Paste F.Mask) (roundrect_rratio 0.25)
      (net 1 +3V3))
    (pad 1 smd roundrect (at -0.9375 0 270) (size 0.975 1.4) (layers F.Cu F.Paste F.Mask) (roundrect_rratio 0.25)
      (net 2 GND))
    (model ${KISYS3DMOD}/Capacitor_SMD.3dshapes/C_0805_2012Metric.wrl
      (at (xyz 0 0 0))
      (scale (xyz 1 1 1))
      (rotate (xyz 0 0 0))
    )
  )

  (module Capacitor_SMD:C_0805_2012Metric (layer F.Cu) (tedit 5C7E68BF) (tstamp 5C61E044)
    (at 133.2375 121.51 180)
    (descr "Capacitor SMD 0805 (2012 Metric), square (rectangular) end terminal, IPC_7351 nominal, (Body size source: https://docs.google.com/spreadsheets/d/1BsfQQcO9C6DZCsRaXUlFlo91Tg2WpOkGARC1WS5S8t0/edit?usp=sharing), generated with kicad-footprint-generator")
    (tags capacitor)
    (path /5C6210C8)
    (attr smd)
    (fp_text reference C10 (at 2.1775 -0.03 270) (layer F.SilkS)
      (effects (font (size 0.5 0.5) (thickness 0.1)))
    )
    (fp_text value 100nF (at 0 1.65 180) (layer F.Fab)
      (effects (font (size 1 1) (thickness 0.15)))
    )
    (fp_text user %R (at 0 0 180) (layer F.Fab)
      (effects (font (size 0.5 0.5) (thickness 0.08)))
    )
    (fp_line (start 1.68 0.95) (end -1.68 0.95) (layer F.CrtYd) (width 0.05))
    (fp_line (start 1.68 -0.95) (end 1.68 0.95) (layer F.CrtYd) (width 0.05))
    (fp_line (start -1.68 -0.95) (end 1.68 -0.95) (layer F.CrtYd) (width 0.05))
    (fp_line (start -1.68 0.95) (end -1.68 -0.95) (layer F.CrtYd) (width 0.05))
    (fp_line (start -0.258578 0.71) (end 0.258578 0.71) (layer F.SilkS) (width 0.12))
    (fp_line (start -0.258578 -0.71) (end 0.258578 -0.71) (layer F.SilkS) (width 0.12))
    (fp_line (start 1 0.6) (end -1 0.6) (layer F.Fab) (width 0.1))
    (fp_line (start 1 -0.6) (end 1 0.6) (layer F.Fab) (width 0.1))
    (fp_line (start -1 -0.6) (end 1 -0.6) (layer F.Fab) (width 0.1))
    (fp_line (start -1 0.6) (end -1 -0.6) (layer F.Fab) (width 0.1))
    (pad 2 smd roundrect (at 0.9375 0 180) (size 0.975 1.4) (layers F.Cu F.Paste F.Mask) (roundrect_rratio 0.25)
      (net 23 "Net-(C10-Pad2)"))
    (pad 1 smd roundrect (at -0.9375 0 180) (size 0.975 1.4) (layers F.Cu F.Paste F.Mask) (roundrect_rratio 0.25)
      (net 12 /ATMEGA_RESET))
    (model ${KISYS3DMOD}/Capacitor_SMD.3dshapes/C_0805_2012Metric.wrl
      (at (xyz 0 0 0))
      (scale (xyz 1 1 1))
      (rotate (xyz 0 0 0))
    )
  )

  (module Resistor_SMD:R_0805_2012Metric (layer F.Cu) (tedit 5C7E68C8) (tstamp 5C867244)
    (at 133.24 119.56)
    (descr "Resistor SMD 0805 (2012 Metric), square (rectangular) end terminal, IPC_7351 nominal, (Body size source: https://docs.google.com/spreadsheets/d/1BsfQQcO9C6DZCsRaXUlFlo91Tg2WpOkGARC1WS5S8t0/edit?usp=sharing), generated with kicad-footprint-generator")
    (tags resistor)
    (path /5C39328D)
    (attr smd)
    (fp_text reference R2 (at -2.2 0 90) (layer F.SilkS)
      (effects (font (size 0.5 0.5) (thickness 0.1)))
    )
    (fp_text value 10k (at 0 1.65) (layer F.Fab)
      (effects (font (size 1 1) (thickness 0.15)))
    )
    (fp_line (start -1 0.6) (end -1 -0.6) (layer F.Fab) (width 0.1))
    (fp_line (start -1 -0.6) (end 1 -0.6) (layer F.Fab) (width 0.1))
    (fp_line (start 1 -0.6) (end 1 0.6) (layer F.Fab) (width 0.1))
    (fp_line (start 1 0.6) (end -1 0.6) (layer F.Fab) (width 0.1))
    (fp_line (start -0.258578 -0.71) (end 0.258578 -0.71) (layer F.SilkS) (width 0.12))
    (fp_line (start -0.258578 0.71) (end 0.258578 0.71) (layer F.SilkS) (width 0.12))
    (fp_line (start -1.68 0.95) (end -1.68 -0.95) (layer F.CrtYd) (width 0.05))
    (fp_line (start -1.68 -0.95) (end 1.68 -0.95) (layer F.CrtYd) (width 0.05))
    (fp_line (start 1.68 -0.95) (end 1.68 0.95) (layer F.CrtYd) (width 0.05))
    (fp_line (start 1.68 0.95) (end -1.68 0.95) (layer F.CrtYd) (width 0.05))
    (fp_text user %R (at 0 0) (layer F.Fab)
      (effects (font (size 0.5 0.5) (thickness 0.08)))
    )
    (pad 1 smd roundrect (at -0.9375 0) (size 0.975 1.4) (layers F.Cu F.Paste F.Mask) (roundrect_rratio 0.25)
      (net 1 +3V3))
    (pad 2 smd roundrect (at 0.9375 0) (size 0.975 1.4) (layers F.Cu F.Paste F.Mask) (roundrect_rratio 0.25)
      (net 12 /ATMEGA_RESET))
    (model ${KISYS3DMOD}/Resistor_SMD.3dshapes/R_0805_2012Metric.wrl
      (at (xyz 0 0 0))
      (scale (xyz 1 1 1))
      (rotate (xyz 0 0 0))
    )
  )

  (module Resistor_SMD:R_0805_2012Metric (layer F.Cu) (tedit 5C7E6948) (tstamp 5C61E064)
    (at 146.26 112.7775 270)
    (descr "Resistor SMD 0805 (2012 Metric), square (rectangular) end terminal, IPC_7351 nominal, (Body size source: https://docs.google.com/spreadsheets/d/1BsfQQcO9C6DZCsRaXUlFlo91Tg2WpOkGARC1WS5S8t0/edit?usp=sharing), generated with kicad-footprint-generator")
    (tags resistor)
    (path /5C3C020C)
    (attr smd)
    (fp_text reference R3 (at -2.0475 -0.03) (layer F.SilkS)
      (effects (font (size 0.5 0.5) (thickness 0.1)))
    )
    (fp_text value 4.7k (at 0 1.65 90) (layer F.Fab)
      (effects (font (size 1 1) (thickness 0.15)))
    )
    (fp_text user %R (at 0 0 90) (layer F.Fab)
      (effects (font (size 0.5 0.5) (thickness 0.08)))
    )
    (fp_line (start 1.68 0.95) (end -1.68 0.95) (layer F.CrtYd) (width 0.05))
    (fp_line (start 1.68 -0.95) (end 1.68 0.95) (layer F.CrtYd) (width 0.05))
    (fp_line (start -1.68 -0.95) (end 1.68 -0.95) (layer F.CrtYd) (width 0.05))
    (fp_line (start -1.68 0.95) (end -1.68 -0.95) (layer F.CrtYd) (width 0.05))
    (fp_line (start -0.258578 0.71) (end 0.258578 0.71) (layer F.SilkS) (width 0.12))
    (fp_line (start -0.258578 -0.71) (end 0.258578 -0.71) (layer F.SilkS) (width 0.12))
    (fp_line (start 1 0.6) (end -1 0.6) (layer F.Fab) (width 0.1))
    (fp_line (start 1 -0.6) (end 1 0.6) (layer F.Fab) (width 0.1))
    (fp_line (start -1 -0.6) (end 1 -0.6) (layer F.Fab) (width 0.1))
    (fp_line (start -1 0.6) (end -1 -0.6) (layer F.Fab) (width 0.1))
    (pad 2 smd roundrect (at 0.9375 0 270) (size 0.975 1.4) (layers F.Cu F.Paste F.Mask) (roundrect_rratio 0.25)
      (net 15 /SCL))
    (pad 1 smd roundrect (at -0.9375 0 270) (size 0.975 1.4) (layers F.Cu F.Paste F.Mask) (roundrect_rratio 0.25)
      (net 1 +3V3))
    (model ${KISYS3DMOD}/Resistor_SMD.3dshapes/R_0805_2012Metric.wrl
      (at (xyz 0 0 0))
      (scale (xyz 1 1 1))
      (rotate (xyz 0 0 0))
    )
  )

  (module Resistor_SMD:R_0805_2012Metric (layer F.Cu) (tedit 5C7E6959) (tstamp 5C61E074)
    (at 148.21 112.7775 270)
    (descr "Resistor SMD 0805 (2012 Metric), square (rectangular) end terminal, IPC_7351 nominal, (Body size source: https://docs.google.com/spreadsheets/d/1BsfQQcO9C6DZCsRaXUlFlo91Tg2WpOkGARC1WS5S8t0/edit?usp=sharing), generated with kicad-footprint-generator")
    (tags resistor)
    (path /5C3C045D)
    (attr smd)
    (fp_text reference R4 (at -2.0475 -0.04) (layer F.SilkS)
      (effects (font (size 0.5 0.5) (thickness 0.1)))
    )
    (fp_text value 4.7k (at 0 1.65 90) (layer F.Fab)
      (effects (font (size 1 1) (thickness 0.15)))
    )
    (fp_line (start -1 0.6) (end -1 -0.6) (layer F.Fab) (width 0.1))
    (fp_line (start -1 -0.6) (end 1 -0.6) (layer F.Fab) (width 0.1))
    (fp_line (start 1 -0.6) (end 1 0.6) (layer F.Fab) (width 0.1))
    (fp_line (start 1 0.6) (end -1 0.6) (layer F.Fab) (width 0.1))
    (fp_line (start -0.258578 -0.71) (end 0.258578 -0.71) (layer F.SilkS) (width 0.12))
    (fp_line (start -0.258578 0.71) (end 0.258578 0.71) (layer F.SilkS) (width 0.12))
    (fp_line (start -1.68 0.95) (end -1.68 -0.95) (layer F.CrtYd) (width 0.05))
    (fp_line (start -1.68 -0.95) (end 1.68 -0.95) (layer F.CrtYd) (width 0.05))
    (fp_line (start 1.68 -0.95) (end 1.68 0.95) (layer F.CrtYd) (width 0.05))
    (fp_line (start 1.68 0.95) (end -1.68 0.95) (layer F.CrtYd) (width 0.05))
    (fp_text user %R (at 0 0 90) (layer F.Fab)
      (effects (font (size 0.5 0.5) (thickness 0.08)))
    )
    (pad 1 smd roundrect (at -0.9375 0 270) (size 0.975 1.4) (layers F.Cu F.Paste F.Mask) (roundrect_rratio 0.25)
      (net 1 +3V3))
    (pad 2 smd roundrect (at 0.9375 0 270) (size 0.975 1.4) (layers F.Cu F.Paste F.Mask) (roundrect_rratio 0.25)
      (net 16 /SDA))
    (model ${KISYS3DMOD}/Resistor_SMD.3dshapes/R_0805_2012Metric.wrl
      (at (xyz 0 0 0))
      (scale (xyz 1 1 1))
      (rotate (xyz 0 0 0))
    )
  )

  (module Package_TO_SOT_SMD:SOT-23-5 (layer F.Cu) (tedit 5A02FF57) (tstamp 5CF5DFB2)
    (at 140.28 112.8)
    (descr "5-pin SOT23 package")
    (tags SOT-23-5)
    (path /5CF66FCB)
    (attr smd)
    (fp_text reference U3 (at 0.005 -2.135) (layer F.SilkS)
      (effects (font (size 0.5 0.5) (thickness 0.1)))
    )
    (fp_text value SPX3819M5-L-3-3 (at 0 2.9) (layer F.Fab)
      (effects (font (size 1 1) (thickness 0.15)))
    )
    (fp_text user %R (at 0 0 90) (layer F.Fab)
      (effects (font (size 0.5 0.5) (thickness 0.075)))
    )
    (fp_line (start -0.9 1.61) (end 0.9 1.61) (layer F.SilkS) (width 0.12))
    (fp_line (start 0.9 -1.61) (end -1.55 -1.61) (layer F.SilkS) (width 0.12))
    (fp_line (start -1.9 -1.8) (end 1.9 -1.8) (layer F.CrtYd) (width 0.05))
    (fp_line (start 1.9 -1.8) (end 1.9 1.8) (layer F.CrtYd) (width 0.05))
    (fp_line (start 1.9 1.8) (end -1.9 1.8) (layer F.CrtYd) (width 0.05))
    (fp_line (start -1.9 1.8) (end -1.9 -1.8) (layer F.CrtYd) (width 0.05))
    (fp_line (start -0.9 -0.9) (end -0.25 -1.55) (layer F.Fab) (width 0.1))
    (fp_line (start 0.9 -1.55) (end -0.25 -1.55) (layer F.Fab) (width 0.1))
    (fp_line (start -0.9 -0.9) (end -0.9 1.55) (layer F.Fab) (width 0.1))
    (fp_line (start 0.9 1.55) (end -0.9 1.55) (layer F.Fab) (width 0.1))
    (fp_line (start 0.9 -1.55) (end 0.9 1.55) (layer F.Fab) (width 0.1))
    (pad 1 smd rect (at -1.1 -0.95) (size 1.06 0.65) (layers F.Cu F.Paste F.Mask)
      (net 24 /Vin))
    (pad 2 smd rect (at -1.1 0) (size 1.06 0.65) (layers F.Cu F.Paste F.Mask)
      (net 2 GND))
    (pad 3 smd rect (at -1.1 0.95) (size 1.06 0.65) (layers F.Cu F.Paste F.Mask)
      (net 22 /PWR_ENABLE))
    (pad 4 smd rect (at 1.1 0.95) (size 1.06 0.65) (layers F.Cu F.Paste F.Mask)
      (net 38 "Net-(U3-Pad4)"))
    (pad 5 smd rect (at 1.1 -0.95) (size 1.06 0.65) (layers F.Cu F.Paste F.Mask)
      (net 1 +3V3))
    (model ${KISYS3DMOD}/Package_TO_SOT_SMD.3dshapes/SOT-23-5.wrl
      (at (xyz 0 0 0))
      (scale (xyz 1 1 1))
      (rotate (xyz 0 0 0))
    )
  )

  (module Package_TO_SOT_SMD:SOT-23-6 (layer F.Cu) (tedit 5A02FF57) (tstamp 5CF5DFC8)
    (at 133.445 112.78)
    (descr "6-pin SOT-23 package")
    (tags SOT-23-6)
    (path /5CF658D6)
    (attr smd)
    (fp_text reference U6 (at -0.025 -2.19) (layer F.SilkS)
      (effects (font (size 0.5 0.5) (thickness 0.1)))
    )
    (fp_text value TPL5111 (at 0 2.9) (layer F.Fab)
      (effects (font (size 1 1) (thickness 0.15)))
    )
    (fp_text user %R (at 0 0 90) (layer F.Fab)
      (effects (font (size 0.5 0.5) (thickness 0.075)))
    )
    (fp_line (start -0.9 1.61) (end 0.9 1.61) (layer F.SilkS) (width 0.12))
    (fp_line (start 0.9 -1.61) (end -1.55 -1.61) (layer F.SilkS) (width 0.12))
    (fp_line (start 1.9 -1.8) (end -1.9 -1.8) (layer F.CrtYd) (width 0.05))
    (fp_line (start 1.9 1.8) (end 1.9 -1.8) (layer F.CrtYd) (width 0.05))
